Frame 0:
[[1. 0. 0. 0.]
 [0. 1. 0. 0.]
 [0. 0. 1. 0.]
 [0. 0. 0. 1.]]

Frame 1:
[[ 0.999475  0.032402  0.        0.044232]
 [-0.032402  0.999475  0.        1.085925]
 [ 0.        0.        1.        0.      ]
 [ 0.        0.        0.        1.      ]]

Frame 2:
[[ 0.994699  0.102826  0.        0.19022 ]
 [-0.102826  0.994699  0.        2.181384]
 [ 0.        0.        1.        0.      ]
 [ 0.        0.        0.        1.      ]]

Frame 3:
[[ 0.988222  0.153027  0.        0.335301]
 [-0.153027  0.988222  0.        3.389808]
 [ 0.        0.        1.        0.      ]
 [ 0.        0.        0.        1.      ]]

Frame 4:
[[ 0.999648  0.02654   0.        0.409749]
 [-0.02654   0.999648  0.        4.32209 ]
 [ 0.        0.        1.        0.      ]
 [ 0.        0.        0.        1.      ]]

Frame 5:
[[ 0.99818  -0.060303  0.        0.343737]
 [ 0.060303  0.99818   0.        5.192588]
 [ 0.        0.        1.        0.      ]
 [ 0.        0.        0.        1.      ]]

Frame 6:
[[ 0.999069 -0.043141  0.        0.273041]
 [ 0.043141  0.999069  0.        6.135863]
 [ 0.        0.        1.        0.      ]
 [ 0.        0.        0.        1.      ]]

Frame 7:
[[ 0.999718 -0.023767  0.        0.239555]
 [ 0.023767  0.999718  0.        7.053531]
 [ 0.        0.        1.        0.      ]
 [ 0.        0.        0.        1.      ]]

Frame 8:
[[ 0.997749  0.067057  0.        0.196093]
 [-0.067057  0.997749  0.        8.137574]
 [ 0.        0.        1.        0.      ]
 [ 0.        0.        0.        1.      ]]

Frame 9:
[[ 0.999487  0.032017  0.        0.259797]
 [-0.032017  0.999487  0.        9.170733]
 [ 0.        0.        1.        0.      ]
 [ 0.        0.        0.        1.      ]]

